Count-Min sketch average errors over artificial datasets:

The values per line shows
1. sketch error parameter
2. sketch confidence parameter
3. mean average error of the sketch on all possible inputs

for stream size = 8192
0.100 0.100 0.000
0.100 0.200 0.000
0.100 0.300 0.000
0.100 0.400 0.000
0.100 0.500 0.000
0.100 0.600 0.000
0.100 0.700 0.000
0.100 0.800 0.000
0.100 0.900 0.000
0.100 1.000 0.000
0.200 0.100 0.000
0.200 0.200 0.000
0.200 0.300 0.000
0.200 0.400 0.000
0.200 0.500 0.000
0.200 0.600 0.000
0.200 0.700 0.000
0.200 0.800 0.000
0.200 0.900 0.000
0.200 1.000 0.000
0.300 0.100 0.000
0.300 0.200 0.000
0.300 0.300 0.000
0.300 0.400 0.000
0.300 0.500 0.000
0.300 0.600 0.000
0.300 0.700 0.000
0.300 0.800 0.000
0.300 0.900 0.000
0.300 1.000 0.000
0.400 0.100 0.000
0.400 0.200 0.000
0.400 0.300 0.000
0.400 0.400 0.000
0.400 0.500 0.000
0.400 0.600 0.000
0.400 0.700 0.000
0.400 0.800 0.000
0.400 0.900 0.000
0.400 1.000 0.000
0.500 0.100 0.000
0.500 0.200 0.000
0.500 0.300 0.000
0.500 0.400 0.000
0.500 0.500 0.000
0.500 0.600 0.000
0.500 0.700 0.000
0.500 0.800 0.000
0.500 0.900 0.000
0.500 1.000 0.000
0.600 0.100 0.000
0.600 0.200 0.000
0.600 0.300 0.000
0.600 0.400 0.000
0.600 0.500 0.000
0.600 0.600 0.000
0.600 0.700 0.000
0.600 0.800 0.000
0.600 0.900 0.000
0.600 1.000 0.000
0.700 0.100 0.000
0.700 0.200 0.000
0.700 0.300 0.000
0.700 0.400 0.000
0.700 0.500 0.000
0.700 0.600 0.000
0.700 0.700 0.000
0.700 0.800 0.000
0.700 0.900 0.000
0.700 1.000 0.000
0.800 0.100 0.000
0.800 0.200 0.000
0.800 0.300 0.000
0.800 0.400 0.000
0.800 0.500 0.000
0.800 0.600 0.000
0.800 0.700 0.000
0.800 0.800 0.000
0.800 0.900 0.000
0.800 1.000 0.000
0.900 0.100 0.000
0.900 0.200 0.000
0.900 0.300 0.000
0.900 0.400 0.000
0.900 0.500 0.000
0.900 0.600 0.000
0.900 0.700 0.000
0.900 0.800 0.000
0.900 0.900 0.000
0.900 1.000 0.000
1.000 0.100 0.000
1.000 0.200 0.000
1.000 0.300 0.000
1.000 0.400 0.000
1.000 0.500 0.000
1.000 0.600 0.000
1.000 0.700 0.000
1.000 0.800 0.000
1.000 0.900 0.000
1.000 1.000 0.000


--------------------

for stream size = 16384
0.100 0.100 0.000
0.100 0.200 0.000
0.100 0.300 0.000
0.100 0.400 0.000
0.100 0.500 0.000
0.100 0.600 0.000
0.100 0.700 0.000
0.100 0.800 0.000
0.100 0.900 0.000
0.100 1.000 0.000
0.200 0.100 0.000
0.200 0.200 0.000
0.200 0.300 0.000
0.200 0.400 0.000
0.200 0.500 0.000
0.200 0.600 0.000
0.200 0.700 0.000
0.200 0.800 0.000
0.200 0.900 0.000
0.200 1.000 0.000
0.300 0.100 0.000
0.300 0.200 0.000
0.300 0.300 0.000
0.300 0.400 0.000
0.300 0.500 0.000
0.300 0.600 0.000
0.300 0.700 0.000
0.300 0.800 0.000
0.300 0.900 0.000
0.300 1.000 0.000
0.400 0.100 0.000
0.400 0.200 0.000
0.400 0.300 0.000
0.400 0.400 0.000
0.400 0.500 0.000
0.400 0.600 0.000
0.400 0.700 0.000
0.400 0.800 0.000
0.400 0.900 0.000
0.400 1.000 0.000
0.500 0.100 0.000
0.500 0.200 0.000
0.500 0.300 0.000
0.500 0.400 0.000
0.500 0.500 0.000
0.500 0.600 0.000
0.500 0.700 0.000
0.500 0.800 0.000
0.500 0.900 0.000
0.500 1.000 0.000
0.600 0.100 0.000
0.600 0.200 0.000
0.600 0.300 0.000
0.600 0.400 0.000
0.600 0.500 0.000
0.600 0.600 0.000
0.600 0.700 0.000
0.600 0.800 0.000
0.600 0.900 0.000
0.600 1.000 0.000
0.700 0.100 0.000
0.700 0.200 0.000
0.700 0.300 0.000
0.700 0.400 0.000
0.700 0.500 0.000
0.700 0.600 0.000
0.700 0.700 0.000
0.700 0.800 0.000
0.700 0.900 0.000
0.700 1.000 0.000
0.800 0.100 0.000
0.800 0.200 0.000
0.800 0.300 0.000
0.800 0.400 0.000
0.800 0.500 0.000
0.800 0.600 0.000
0.800 0.700 0.000
0.800 0.800 0.000
0.800 0.900 0.000
0.800 1.000 0.000
0.900 0.100 0.000
0.900 0.200 0.000
0.900 0.300 0.000
0.900 0.400 0.000
0.900 0.500 0.000
0.900 0.600 0.000
0.900 0.700 0.000
0.900 0.800 0.000
0.900 0.900 0.000
0.900 1.000 0.000
1.000 0.100 0.000
1.000 0.200 0.000
1.000 0.300 0.000
1.000 0.400 0.000
1.000 0.500 0.000
1.000 0.600 0.000
1.000 0.700 0.000
1.000 0.800 0.000
1.000 0.900 0.000
1.000 1.000 0.000


--------------------

for stream size = 32768
0.100 0.100 0.000
0.100 0.200 0.000
0.100 0.300 0.000
0.100 0.400 0.000
0.100 0.500 0.000
0.100 0.600 0.001
0.100 0.700 0.000
0.100 0.800 0.000
0.100 0.900 0.000
0.100 1.000 0.000
0.200 0.100 0.000
0.200 0.200 0.000
0.200 0.300 0.000
0.200 0.400 0.001
0.200 0.500 0.000
0.200 0.600 0.000
0.200 0.700 0.001
0.200 0.800 0.000
0.200 0.900 0.001
0.200 1.000 0.000
0.300 0.100 0.004
0.300 0.200 0.000
0.300 0.300 0.000
0.300 0.400 0.000
0.300 0.500 0.005
0.300 0.600 0.000
0.300 0.700 0.000
0.300 0.800 0.001
0.300 0.900 0.001
0.300 1.000 0.000
0.400 0.100 0.000
0.400 0.200 0.000
0.400 0.300 0.000
0.400 0.400 0.000
0.400 0.500 0.000
0.400 0.600 0.002
0.400 0.700 0.000
0.400 0.800 0.001
0.400 0.900 0.000
0.400 1.000 0.001
0.500 0.100 0.000
0.500 0.200 0.000
0.500 0.300 0.001
0.500 0.400 0.001
0.500 0.500 0.000
0.500 0.600 0.000
0.500 0.700 0.000
0.500 0.800 0.000
0.500 0.900 0.000
0.500 1.000 0.001
0.600 0.100 0.000
0.600 0.200 0.000
0.600 0.300 0.001
0.600 0.400 0.001
0.600 0.500 0.002
0.600 0.600 0.000
0.600 0.700 0.000
0.600 0.800 0.000
0.600 0.900 0.000
0.600 1.000 0.000
0.700 0.100 0.000
0.700 0.200 0.000
0.700 0.300 0.000
0.700 0.400 0.000
0.700 0.500 0.000
0.700 0.600 0.000
0.700 0.700 0.000
0.700 0.800 0.003
0.700 0.900 0.001
0.700 1.000 0.000
0.800 0.100 0.001
0.800 0.200 0.000
0.800 0.300 0.000
0.800 0.400 0.000
0.800 0.500 0.000
0.800 0.600 0.000
0.800 0.700 0.001
0.800 0.800 0.000
0.800 0.900 0.001
0.800 1.000 0.000
0.900 0.100 0.000
0.900 0.200 0.000
0.900 0.300 0.000
0.900 0.400 0.001
0.900 0.500 0.000
0.900 0.600 0.000
0.900 0.700 0.001
0.900 0.800 0.000
0.900 0.900 0.000
0.900 1.000 0.000
1.000 0.100 0.000
1.000 0.200 0.000
1.000 0.300 0.000
1.000 0.400 0.001
1.000 0.500 0.000
1.000 0.600 0.000
1.000 0.700 0.000
1.000 0.800 0.000
1.000 0.900 0.000
1.000 1.000 0.000


--------------------

for stream size = 65536
0.100 0.100 0.021
0.100 0.200 0.012
0.100 0.300 0.020
0.100 0.400 0.028
0.100 0.500 0.015
0.100 0.600 0.039
0.100 0.700 0.021
0.100 0.800 0.020
0.100 0.900 0.015
0.100 1.000 0.015
0.200 0.100 0.034
0.200 0.200 0.018
0.200 0.300 0.022
0.200 0.400 0.015
0.200 0.500 0.042
0.200 0.600 0.021
0.200 0.700 0.026
0.200 0.800 0.026
0.200 0.900 0.012
0.200 1.000 0.029
0.300 0.100 0.013
0.300 0.200 0.017
0.300 0.300 0.014
0.300 0.400 0.033
0.300 0.500 0.014
0.300 0.600 0.024
0.300 0.700 0.017
0.300 0.800 0.018
0.300 0.900 0.018
0.300 1.000 0.021
0.400 0.100 0.014
0.400 0.200 0.012
0.400 0.300 0.038
0.400 0.400 0.026
0.400 0.500 0.023
0.400 0.600 0.022
0.400 0.700 0.018
0.400 0.800 0.017
0.400 0.900 0.032
0.400 1.000 0.018
0.500 0.100 0.020
0.500 0.200 0.012
0.500 0.300 0.025
0.500 0.400 0.021
0.500 0.500 0.024
0.500 0.600 0.013
0.500 0.700 0.041
0.500 0.800 0.024
0.500 0.900 0.026
0.500 1.000 0.027
0.600 0.100 0.012
0.600 0.200 0.025
0.600 0.300 0.021
0.600 0.400 0.011
0.600 0.500 0.017
0.600 0.600 0.014
0.600 0.700 0.051
0.600 0.800 0.035
0.600 0.900 0.026
0.600 1.000 0.027
0.700 0.100 0.021
0.700 0.200 0.009
0.700 0.300 0.026
0.700 0.400 0.036
0.700 0.500 0.021
0.700 0.600 0.036
0.700 0.700 0.030
0.700 0.800 0.033
0.700 0.900 0.046
0.700 1.000 0.033
0.800 0.100 0.027
0.800 0.200 0.031
0.800 0.300 0.023
0.800 0.400 0.011
0.800 0.500 0.012
0.800 0.600 0.014
0.800 0.700 0.016
0.800 0.800 0.021
0.800 0.900 0.014
0.800 1.000 0.032
0.900 0.100 0.010
0.900 0.200 0.030
0.900 0.300 0.024
0.900 0.400 0.013
0.900 0.500 0.020
0.900 0.600 0.015
0.900 0.700 0.014
0.900 0.800 0.045
0.900 0.900 0.017
0.900 1.000 0.010
1.000 0.100 0.033
1.000 0.200 0.022
1.000 0.300 0.021
1.000 0.400 0.016
1.000 0.500 0.031
1.000 0.600 0.047
1.000 0.700 0.019
1.000 0.800 0.022
1.000 0.900 0.016
1.000 1.000 0.022


--------------------

for stream size = 131072
0.100 0.100 0.369
0.100 0.200 0.366
0.100 0.300 0.389
0.100 0.400 0.364
0.100 0.500 0.353
0.100 0.600 0.359
0.100 0.700 0.385
0.100 0.800 0.372
0.100 0.900 0.400
0.100 1.000 0.341
0.200 0.100 0.393
0.200 0.200 0.376
0.200 0.300 0.354
0.200 0.400 0.368
0.200 0.500 0.396
0.200 0.600 0.309
0.200 0.700 0.404
0.200 0.800 0.356
0.200 0.900 0.312
0.200 1.000 0.319
0.300 0.100 0.315
0.300 0.200 0.345
0.300 0.300 0.379
0.300 0.400 0.354
0.300 0.500 0.310
0.300 0.600 0.383
0.300 0.700 0.383
0.300 0.800 0.396
0.300 0.900 0.353
0.300 1.000 0.327
0.400 0.100 0.374
0.400 0.200 0.415
0.400 0.300 0.347
0.400 0.400 0.341
0.400 0.500 0.328
0.400 0.600 0.362
0.400 0.700 0.344
0.400 0.800 0.469
0.400 0.900 0.398
0.400 1.000 0.382
0.500 0.100 0.348
0.500 0.200 0.409
0.500 0.300 0.375
0.500 0.400 0.339
0.500 0.500 0.343
0.500 0.600 0.337
0.500 0.700 0.326
0.500 0.800 0.324
0.500 0.900 0.361
0.500 1.000 0.331
0.600 0.100 0.345
0.600 0.200 0.412
0.600 0.300 0.332
0.600 0.400 0.359
0.600 0.500 0.331
0.600 0.600 0.336
0.600 0.700 0.382
0.600 0.800 0.380
0.600 0.900 0.318
0.600 1.000 0.411
0.700 0.100 0.356
0.700 0.200 0.343
0.700 0.300 0.362
0.700 0.400 0.390
0.700 0.500 0.376
0.700 0.600 0.352
0.700 0.700 0.426
0.700 0.800 0.457
0.700 0.900 0.418
0.700 1.000 0.388
0.800 0.100 0.355
0.800 0.200 0.372
0.800 0.300 0.357
0.800 0.400 0.323
0.800 0.500 0.348
0.800 0.600 0.333
0.800 0.700 0.432
0.800 0.800 0.397
0.800 0.900 0.350
0.800 1.000 0.338
0.900 0.100 0.357
0.900 0.200 0.320
0.900 0.300 0.353
0.900 0.400 0.404
0.900 0.500 0.322
0.900 0.600 0.345
0.900 0.700 0.402
0.900 0.800 0.346
0.900 0.900 0.324
0.900 1.000 0.358
1.000 0.100 0.379
1.000 0.200 0.384
1.000 0.300 0.356
1.000 0.400 0.374
1.000 0.500 0.365
1.000 0.600 0.314
1.000 0.700 0.333
1.000 0.800 0.374
1.000 0.900 0.387
1.000 1.000 0.404


--------------------

